2021-09-12	00:23:03	4.24	180	200	152	149	160	0.53
2021-09-12	00:23:03	4.24	180	200	152	184	168	0.62
2021-09-12	00:23:03	4.24	180	200	152	187	170	0.63
2021-09-12	00:23:03	4.24	180	200	152	186	168	0.61
2021-09-12	00:23:03	4.24	180	200	152	186	170	0.6
2021-09-12	00:23:03	4.24	180	200	152	181	162	0.5
2021-07-25	00:22:58	4.4	178	198	148	112	158	0.59
2021-07-25	00:22:58	4.4	178	198	148	179	166	0.61
2021-07-25	00:22:58	4.4	178	198	148	179	164	0.6
2021-07-25	00:22:58	4.4	178	198	148	183	164	0.62
2021-07-25	00:22:58	4.4	178	198	148	183	164	0.59
2021-07-25	00:22:58	4.4	178	198	148	184	164	0.61
